+WALL
(00, 00)
(00, 01)
(00, 02)
(00, 03)
(00, 04)
(00, 05)
(00, 06)
(00, 07)
(00, 08)
(00, 09)
(00, 10)
(00, 11)
(00, 12)
(00, 13)
(00, 14)
(00, 15)
(00, 16)
(00, 17)
(00, 18)
(00, 19)
(09, 00)
(09, 01)
(09, 02)
(09, 03)
(09, 04)
(09, 05)
(09, 06)
(09, 07)
(09, 08)
(09, 09)
(09, 10)
(09, 11)
(09, 12)
(09, 13)
(09, 14)
(09, 15)
(09, 16)
(09, 17)
(09, 18)
(09, 19)
(01, 00)
(02, 00)
(03, 00)
(04, 00)
(05, 00)
(06, 00)
(07, 00)
(08, 00)
(09, 00)
(01, 19)
(02, 19)
(03, 19)
(05, 19)
(06, 19)
(07, 19)
(08, 19)
(09, 00)
+CHASM
(00, 09)
(00, 10)
(01, 09)
(01, 10)
(02, 09)
(02, 10)
(03, 09)
(03, 10)
(06, 09)
(06, 10)
(07, 09)
(07, 10)
(08, 09)
(08, 10)
(09, 09)
(09, 10)
+WEAPONS
(Kitchen Knife, 10, 04, 04)
+CRYSTALS
(1000, 4, 15)
+POTION
(50, 7, 15)
+ENEMY
(5, 17)
(8, 17)
+FRIEND
(2, 2)
+PLAYER
(3, 3)
+NLEVEL
map2
+

